A	B	Droplets	999_up
1	1	5000	0
3	3	5000	0
3	3	5000	1
16	16	5000	1
16	16	5000	2
32	32	5000	2
32	32	5000	3
47	47	5000	3
47	47	5000	4
62	62	5000	4
62	62	5000	5
75	75	5000	5
75	75	5000	6
89	89	5000	6
89	89	5000	7
101	101	5000	7
101	101	5000	8
113	113	5000	8
113	113	5000	9
124	124	5000	9
124	124	5000	10
135	135	5000	10
135	135	5000	11
144	144	5000	11
144	144	5000	12
154	154	5000	12
154	154	5000	13
163	163	5000	13
163	163	5000	14
172	172	5000	14
172	172	5000	15
182	182	5000	15
182	182	5000	16
190	190	5000	16
190	190	5000	17
199	199	5000	17
199	199	5000	18
207	207	5000	18
207	207	5000	19
215	215	5000	19
215	215	5000	20
222	222	5000	20
222	222	5000	21
230	230	5000	21
230	230	5000	22
237	237	5000	22
237	237	5000	23
245	245	5000	23
245	245	5000	24
252	252	5000	24
252	252	5000	25
259	259	5000	25
259	259	5000	26
266	266	5000	26
266	266	5000	27
273	273	5000	27
273	273	5000	28
279	279	5000	28
279	279	5000	29
286	286	5000	29
286	286	5000	30
291	291	5000	30
291	291	5000	31
298	298	5000	31
298	298	5000	32
305	305	5000	32
305	305	5000	33
311	311	5000	33
311	311	5000	34
317	317	5000	34
317	317	5000	35
322	322	5000	35
322	322	5000	36
328	328	5000	36
328	328	5000	37
334	334	5000	37
334	334	5000	38
340	340	5000	38
340	340	5000	39
345	345	5000	39
345	345	5000	40
351	351	5000	40
351	351	5000	41
357	357	5000	41
357	357	5000	42
361	361	5000	42
361	361	5000	43
367	367	5000	43
367	367	5000	44
373	373	5000	44
373	373	5000	45
378	378	5000	45
378	378	5000	46
383	383	5000	46
383	383	5000	47
389	389	5000	47
389	389	5000	48
393	393	5000	48
393	393	5000	49
395	395	5000	48
395	395	5000	49
398	398	5000	49
398	398	5000	50
403	403	5000	50
403	403	5000	51
408	408	5000	51
408	408	5000	52
413	413	5000	52
413	413	5000	53
419	419	5000	53
419	419	5000	54
423	423	5000	54
423	423	5000	55
428	428	5000	55
428	428	5000	56
433	433	5000	56
433	433	5000	57
437	437	5000	57
437	437	5000	58
442	442	5000	58
442	442	5000	59
447	447	5000	59
447	447	5000	60
451	451	5000	60
451	451	5000	61
455	455	5000	61
455	455	5000	62
461	461	5000	62
461	461	5000	63
464	464	5000	63
464	464	5000	64
470	470	5000	64
470	470	5000	65
473	473	5000	65
473	473	5000	66
478	478	5000	66
478	478	5000	67
482	482	5000	67
482	482	5000	68
486	486	5000	68
486	486	5000	69
490	490	5000	69
490	490	5000	70
495	495	5000	70
495	495	5000	71
499	499	5000	71
499	499	5000	72
504	504	5000	72
504	504	5000	73
509	509	5000	73
509	509	5000	74
512	512	5000	74
512	512	5000	75
515	515	5000	75
515	515	5000	76
520	520	5000	76
520	520	5000	77
524	524	5000	77
524	524	5000	78
528	528	5000	78
528	528	5000	79
532	532	5000	79
532	532	5000	80
536	536	5000	80
536	536	5000	81
539	539	5000	81
539	539	5000	82
544	544	5000	82
544	544	5000	83
547	547	5000	83
547	547	5000	84
552	552	5000	84
552	552	5000	85
556	556	5000	85
556	556	5000	86
559	559	5000	86
559	559	5000	87
563	563	5000	87
563	563	5000	88
567	567	5000	88
567	567	5000	89
571	571	5000	89
571	571	5000	90
575	575	5000	90
575	575	5000	91
578	578	5000	91
578	578	5000	92
582	582	5000	92
582	582	5000	93
586	586	5000	93
586	586	5000	94
589	589	5000	94
589	589	5000	95
592	592	5000	95
592	592	5000	96
597	597	5000	96
597	597	5000	97
600	600	5000	97
600	600	5000	98
603	603	5000	98
603	603	5000	99
607	607	5000	99
607	607	5000	100
610	610	5000	100
610	610	5000	101
614	614	5000	101
614	614	5000	102
618	618	5000	102
618	618	5000	103
622	622	5000	103
622	622	5000	104
626	626	5000	104
626	626	5000	105
629	629	5000	105
629	629	5000	106
632	632	5000	106
632	632	5000	107
635	635	5000	107
635	635	5000	108
639	639	5000	108
639	639	5000	109
642	642	5000	109
642	642	5000	110
645	645	5000	110
645	645	5000	111
648	648	5000	111
648	648	5000	112
652	652	5000	112
652	652	5000	113
656	656	5000	113
656	656	5000	114
659	659	5000	114
659	659	5000	115
662	662	5000	115
662	662	5000	116
666	666	5000	116
666	666	5000	117
668	668	5000	117
668	668	5000	118
672	672	5000	118
672	672	5000	119
675	675	5000	119
675	675	5000	120
678	678	5000	120
678	678	5000	121
681	681	5000	121
681	681	5000	122
685	685	5000	122
685	685	5000	123
688	688	5000	123
688	688	5000	124
691	691	5000	124
691	691	5000	125
694	694	5000	125
694	694	5000	126
698	698	5000	126
698	698	5000	127
702	702	5000	127
702	702	5000	128
704	704	5000	128
704	704	5000	129
707	707	5000	129
707	707	5000	130
711	711	5000	130
711	711	5000	131
713	713	5000	131
713	713	5000	132
717	717	5000	132
717	717	5000	133
720	720	5000	133
720	720	5000	134
723	723	5000	134
723	723	5000	135
726	726	5000	135
726	726	5000	136
729	729	5000	136
729	729	5000	137
732	732	5000	137
732	732	5000	138
734	734	5000	138
734	734	5000	139
738	738	5000	139
738	738	5000	140
741	741	5000	140
741	741	5000	141
744	744	5000	141
744	744	5000	142
747	747	5000	142
747	747	5000	143
749	749	5000	143
749	749	5000	144
752	752	5000	144
752	752	5000	145
754	754	5000	144
754	754	5000	145
756	756	5000	145
756	756	5000	146
758	758	5000	146
758	758	5000	147
762	762	5000	147
762	762	5000	148
765	765	5000	148
765	765	5000	149
768	768	5000	149
768	768	5000	150
770	770	5000	150
770	770	5000	151
774	774	5000	151
774	774	5000	152
776	776	5000	152
776	776	5000	153
779	779	5000	153
779	779	5000	154
783	783	5000	154
783	783	5000	155
786	786	5000	155
786	786	5000	156
788	788	5000	156
788	788	5000	157
791	791	5000	157
791	791	5000	158
794	794	5000	158
794	794	5000	159
796	796	5000	159
796	796	5000	160
799	799	5000	160
799	799	5000	161
802	802	5000	161
802	802	5000	162
805	805	5000	162
805	805	5000	163
807	807	5000	163
807	807	5000	164
810	810	5000	164
810	810	5000	165
814	814	5000	165
814	814	5000	166
816	816	5000	166
816	816	5000	167
820	820	5000	167
820	820	5000	168
821	821	5000	168
821	821	5000	169
824	824	5000	169
824	824	5000	170
827	827	5000	170
827	827	5000	171
829	829	5000	171
829	829	5000	172
833	833	5000	172
833	833	5000	173
835	835	5000	173
835	835	5000	174
838	838	5000	174
838	838	5000	175
841	841	5000	175
841	841	5000	176
842	842	5000	176
842	842	5000	177
847	847	5000	177
847	847	5000	178
849	849	5000	178
849	849	5000	179
851	851	5000	179
851	851	5000	180
854	854	5000	180
854	854	5000	181
856	856	5000	181
856	856	5000	182
860	860	5000	182
860	860	5000	183
862	862	5000	183
862	862	5000	184
864	864	5000	184
864	864	5000	185
868	868	5000	185
868	868	5000	186
870	870	5000	186
870	870	5000	187
872	872	5000	187
872	872	5000	188
875	875	5000	188
875	875	5000	189
877	877	5000	189
877	877	5000	190
880	880	5000	190
880	880	5000	191
883	883	5000	191
883	883	5000	192
886	886	5000	192
886	886	5000	193
887	887	5000	193
887	887	5000	194
890	890	5000	194
890	890	5000	195
892	892	5000	195
892	892	5000	196
895	895	5000	196
895	895	5000	197
898	898	5000	197
898	898	5000	198
901	901	5000	198
901	901	5000	199
903	903	5000	199
903	903	5000	200
905	905	5000	200
905	905	5000	201
908	908	5000	201
908	908	5000	202
911	911	5000	202
911	911	5000	203
913	913	5000	203
913	913	5000	204
915	915	5000	204
915	915	5000	205
919	919	5000	205
919	919	5000	206
921	921	5000	206
921	921	5000	207
923	923	5000	207
923	923	5000	208
925	925	5000	208
925	925	5000	209
928	928	5000	209
928	928	5000	210
931	931	5000	210
931	931	5000	211
933	933	5000	211
933	933	5000	212
935	935	5000	212
935	935	5000	213
938	938	5000	213
938	938	5000	214
940	940	5000	214
940	940	5000	215
942	942	5000	215
942	942	5000	216
945	945	5000	216
945	945	5000	217
948	948	5000	217
948	948	5000	218
950	950	5000	218
950	950	5000	219
952	952	5000	219
952	952	5000	220
954	954	5000	220
954	954	5000	221
957	957	5000	221
957	957	5000	222
960	960	5000	222
960	960	5000	223
961	961	5000	223
961	961	5000	224
965	965	5000	224
965	965	5000	225
966	966	5000	225
966	966	5000	226
969	969	5000	226
969	969	5000	227
972	972	5000	227
972	972	5000	228
974	974	5000	228
974	974	5000	229
976	976	5000	229
976	976	5000	230
979	979	5000	230
979	979	5000	231
981	981	5000	231
981	981	5000	232
983	983	5000	232
983	983	5000	233
985	985	5000	233
985	985	5000	234
988	988	5000	234
988	988	5000	235
990	990	5000	235
990	990	5000	236
993	993	5000	236
993	993	5000	237
995	995	5000	237
995	995	5000	238
997	997	5000	238
997	997	5000	239
999	999	5000	239
999	999	5000	240
1001	1001	5000	240
1001	1001	5000	241
1004	1004	5000	241
1004	1004	5000	242
1007	1007	5000	242
1007	1007	5000	243
1009	1009	5000	243
1009	1009	5000	244
1011	1011	5000	244
1011	1011	5000	245
1014	1014	5000	245
1014	1014	5000	246
1015	1015	5000	246
1015	1015	5000	247
1019	1019	5000	247
1019	1019	5000	248
1020	1020	5000	248
1020	1020	5000	249
1022	1022	5000	249
1022	1022	5000	250
1025	1025	5000	250
1025	1025	5000	251
1027	1027	5000	251
1027	1027	5000	252
1030	1030	5000	252
1030	1030	5000	253
1032	1032	5000	253
1032	1032	5000	254
1034	1034	5000	254
1034	1034	5000	255
1036	1036	5000	255
1036	1036	5000	256
1038	1038	5000	256
1038	1038	5000	257
1041	1041	5000	257
1041	1041	5000	258
1042	1042	5000	258
1042	1042	5000	259
1045	1045	5000	259
1045	1045	5000	260
1047	1047	5000	260
1047	1047	5000	261
1049	1049	5000	261
1049	1049	5000	262
1051	1051	5000	262
1051	1051	5000	263
1053	1053	5000	263
1053	1053	5000	264
1056	1056	5000	264
1056	1056	5000	265
1058	1058	5000	265
1058	1058	5000	266
1060	1060	5000	266
1060	1060	5000	267
1062	1062	5000	267
1062	1062	5000	268
1064	1064	5000	268
1064	1064	5000	269
1066	1066	5000	269
1066	1066	5000	270
1069	1069	5000	270
1069	1069	5000	271
1071	1071	5000	271
1071	1071	5000	272
1073	1073	5000	272
1073	1073	5000	273
1075	1075	5000	273
1075	1075	5000	274
1078	1078	5000	274
1078	1078	5000	275
1080	1080	5000	275
1080	1080	5000	276
1082	1082	5000	276
1082	1082	5000	277
1084	1084	5000	277
1084	1084	5000	278
1087	1087	5000	278
1087	1087	5000	279
1088	1088	5000	279
1088	1088	5000	280
1090	1090	5000	280
1090	1090	5000	281
1093	1093	5000	281
1093	1093	5000	282
1095	1095	5000	282
1095	1095	5000	283
1097	1097	5000	283
1097	1097	5000	284
1099	1099	5000	284
1099	1099	5000	285
1102	1102	5000	285
1102	1102	5000	287
1105	1105	5000	287
1105	1105	5000	288
1108	1108	5000	288
1108	1108	5000	289
1109	1109	5000	289
1109	1109	5000	290
1112	1112	5000	290
1112	1112	5000	291
1114	1114	5000	291
1114	1114	5000	292
1116	1116	5000	292
1116	1116	5000	293
1118	1118	5000	293
1118	1118	5000	294
1119	1119	5000	294
1119	1119	5000	295
1122	1122	5000	295
1122	1122	5000	296
1124	1124	5000	296
1124	1124	5000	297
1126	1126	5000	297
1126	1126	5000	298
1128	1128	5000	298
1128	1128	5000	299
1130	1130	5000	299
1130	1130	5000	300
1133	1133	5000	300
1133	1133	5000	301
1135	1135	5000	301
1135	1135	5000	302
1137	1137	5000	302
1137	1137	5000	303
1138	1138	5000	303
1138	1138	5000	304
1141	1141	5000	304
1141	1141	5000	305
1143	1143	5000	305
1143	1143	5000	306
1145	1145	5000	306
1145	1145	5000	307
1147	1147	5000	307
1147	1147	5000	308
1148	1148	5000	308
1148	1148	5000	309
1151	1151	5000	309
1151	1151	5000	310
1153	1153	5000	310
1153	1153	5000	311
1155	1155	5000	311
1155	1155	5000	312
1158	1158	5000	312
1158	1158	5000	314
1161	1161	5000	314
1161	1161	5000	315
1163	1163	5000	315
1163	1163	5000	316
1164	1164	5000	316
1164	1164	5000	317
1168	1168	5000	317
1168	1168	5000	318
1169	1169	5000	318
1169	1169	5000	319
1171	1171	5000	319
1171	1171	5000	320
1173	1173	5000	320
1173	1173	5000	321
1174	1174	5000	321
1174	1174	5000	322
1177	1177	5000	322
1177	1177	5000	323
1179	1179	5000	323
1179	1179	5000	324
1181	1181	5000	324
1181	1181	5000	325
1183	1183	5000	325
1183	1183	5000	326
1185	1185	5000	326
1185	1185	5000	327
1187	1187	5000	327
1187	1187	5000	328
1189	1189	5000	328
1189	1189	5000	329
1191	1191	5000	329
1191	1191	5000	330
1193	1193	5000	330
1193	1193	5000	331
1195	1195	5000	331
1195	1195	5000	332
1197	1197	5000	332
1197	1197	5000	333
1199	1199	5000	333
1199	1199	5000	334
1201	1201	5000	334
1201	1201	5000	335
1202	1202	5000	335
1202	1202	5000	336
1204	1204	5000	336
1204	1204	5000	337
1206	1206	5000	337
1206	1206	5000	338
1209	1209	5000	338
1209	1209	5000	339
1211	1211	5000	339
1211	1211	5000	340
1213	1213	5000	340
1213	1213	5000	341
1214	1214	5000	341
1214	1214	5000	342
1216	1216	5000	342
1216	1216	5000	343
1218	1218	5000	343
1218	1218	5000	344
1220	1220	5000	344
1220	1220	5000	345
1221	1221	5000	345
1221	1221	5000	346
1224	1224	5000	346
1224	1224	5000	347
1225	1225	5000	347
1225	1225	5000	348
1228	1228	5000	348
1228	1228	5000	349
1230	1230	5000	349
1230	1230	5000	350
1232	1232	5000	350
1232	1232	5000	351
1233	1233	5000	351
1233	1233	5000	352
1235	1235	5000	352
1235	1235	5000	353
1237	1237	5000	353
1237	1237	5000	354
1240	1240	5000	354
1240	1240	5000	355
1241	1241	5000	355
1241	1241	5000	356
1243	1243	5000	356
1243	1243	5000	357
1245	1245	5000	357
1245	1245	5000	358
1247	1247	5000	358
1247	1247	5000	359
1249	1249	5000	359
1249	1249	5000	360
1251	1251	5000	360
1251	1251	5000	361
1252	1252	5000	361
1252	1252	5000	362
1254	1254	5000	362
1254	1254	5000	363
1256	1256	5000	363
1256	1256	5000	364
1258	1258	5000	364
1258	1258	5000	365
1259	1259	5000	365
1259	1259	5000	366
1262	1262	5000	366
1262	1262	5000	367
1263	1263	5000	367
1263	1263	5000	368
1266	1266	5000	368
1266	1266	5000	369
1267	1267	5000	369
1267	1267	5000	370
1269	1269	5000	370
1269	1269	5000	371
1271	1271	5000	371
1271	1271	5000	372
1273	1273	5000	372
1273	1273	5000	373
1275	1275	5000	373
1275	1275	5000	374
1277	1277	5000	374
1277	1277	5000	375
1278	1278	5000	375
1278	1278	5000	376
1281	1281	5000	376
1281	1281	5000	377
1283	1283	5000	377
1283	1283	5000	378
1284	1284	5000	378
1284	1284	5000	379
1286	1286	5000	379
1286	1286	5000	380
1288	1288	5000	380
1288	1288	5000	381
1290	1290	5000	381
1290	1290	5000	382
1292	1292	5000	382
1292	1292	5000	383
1293	1293	5000	383
1293	1293	5000	384
1295	1295	5000	384
1295	1295	5000	385
1297	1297	5000	385
1297	1297	5000	386
1299	1299	5000	386
1299	1299	5000	387
1300	1300	5000	387
1300	1300	5000	388
1303	1303	5000	388
1303	1303	5000	389
1305	1305	5000	389
1305	1305	5000	391
1308	1308	5000	391
1308	1308	5000	392
1310	1310	5000	392
1310	1310	5000	393
1311	1311	5000	393
1311	1311	5000	394
1313	1313	5000	394
1313	1313	5000	395
1316	1316	5000	395
1316	1316	5000	397
1319	1319	5000	397
1319	1319	5000	398
1320	1320	5000	398
1320	1320	5000	399
1322	1322	5000	399
1322	1322	5000	400
1324	1324	5000	400
1324	1324	5000	401
1326	1326	5000	401
1326	1326	5000	402
1328	1328	5000	402
1328	1328	5000	403
1329	1329	5000	403
1329	1329	5000	404
1331	1331	5000	404
1331	1331	5000	405
1333	1333	5000	405
1333	1333	5000	406
1334	1334	5000	406
1334	1334	5000	407
1336	1336	5000	407
1336	1336	5000	408
1339	1339	5000	408
1339	1339	5000	409
1340	1340	5000	409
1340	1340	5000	410
1342	1342	5000	410
1342	1342	5000	411
1343	1343	5000	411
1343	1343	5000	412
1346	1346	5000	412
1346	1346	5000	413
1347	1347	5000	413
1347	1347	5000	414
1349	1349	5000	414
1349	1349	5000	415
1350	1350	5000	415
1350	1350	5000	416
1352	1352	5000	416
1352	1352	5000	417
1354	1354	5000	417
1354	1354	5000	418
1356	1356	5000	418
1356	1356	5000	419
1358	1358	5000	419
1358	1358	5000	420
1359	1359	5000	420
1359	1359	5000	421
1361	1361	5000	421
1361	1361	5000	422
1363	1363	5000	422
1363	1363	5000	423
1364	1364	5000	423
1364	1364	5000	424
1366	1366	5000	424
1366	1366	5000	425
1369	1369	5000	425
1369	1369	5000	427
1371	1371	5000	427
1371	1371	5000	428
1373	1373	5000	428
1373	1373	5000	429
1375	1375	5000	429
1375	1375	5000	430
1377	1377	5000	430
1377	1377	5000	431
1378	1378	5000	431
1378	1378	5000	432
1380	1380	5000	432
1380	1380	5000	433
1382	1382	5000	433
1382	1382	5000	434
1384	1384	5000	434
1384	1384	5000	435
1385	1385	5000	435
1385	1385	5000	436
1387	1387	5000	436
1387	1387	5000	437
1388	1388	5000	437
1388	1388	5000	438
1390	1390	5000	438
1390	1390	5000	439
1392	1392	5000	439
1392	1392	5000	440
1394	1394	5000	440
1394	1394	5000	441
1395	1395	5000	441
1395	1395	5000	442
1397	1397	5000	442
1397	1397	5000	443
1399	1399	5000	443
1399	1399	5000	444
1400	1400	5000	444
1400	1400	5000	445
1403	1403	5000	445
1403	1403	5000	446
1404	1404	5000	446
1404	1404	5000	447
1406	1406	5000	447
1406	1406	5000	448
1407	1407	5000	448
1407	1407	5000	449
1409	1409	5000	449
1409	1409	5000	450
1411	1411	5000	450
1411	1411	5000	451
1412	1412	5000	451
1412	1412	5000	452
1414	1414	5000	452
1414	1414	5000	453
1416	1416	5000	453
1416	1416	5000	454
1417	1417	5000	454
1417	1417	5000	455
1419	1419	5000	455
1419	1419	5000	456
1421	1421	5000	456
1421	1421	5000	457
1422	1422	5000	457
1422	1422	5000	458
1424	1424	5000	458
1424	1424	5000	459
1426	1426	5000	459
1426	1426	5000	460
1427	1427	5000	460
1427	1427	5000	461
1429	1429	5000	461
1429	1429	5000	462
1432	1432	5000	462
1432	1432	5000	464
1435	1435	5000	464
1435	1435	5000	465
1436	1436	5000	465
1436	1436	5000	466
1437	1437	5000	466
1437	1437	5000	467
1439	1439	5000	467
1439	1439	5000	468
1441	1441	5000	468
1441	1441	5000	469
1442	1442	5000	469
1442	1442	5000	470
1445	1445	5000	470
1445	1445	5000	471
1446	1446	5000	471
1446	1446	5000	472
1447	1447	5000	472
1447	1447	5000	473
1449	1449	5000	473
1449	1449	5000	474
1451	1451	5000	474
1451	1451	5000	475
1452	1452	5000	475
1452	1452	5000	476
1453	1453	5000	476
1453	1453	5000	477
1456	1456	5000	477
1456	1456	5000	478
1457	1457	5000	478
1457	1457	5000	479
1459	1459	5000	479
1459	1459	5000	480
1461	1461	5000	480
1461	1461	5000	481
1462	1462	5000	481
1462	1462	5000	482
1463	1463	5000	482
1463	1463	5000	483
1466	1466	5000	483
1466	1466	5000	484
1467	1467	5000	484
1467	1467	5000	485
1468	1468	5000	485
1468	1468	5000	486
1470	1470	5000	486
1470	1470	5000	487
1472	1472	5000	487
1472	1472	5000	488
1473	1473	5000	488
1473	1473	5000	489
1475	1475	5000	489
1475	1475	5000	490
1477	1477	5000	490
1477	1477	5000	491
1478	1478	5000	491
1478	1478	5000	492
1480	1480	5000	492
1480	1480	5000	493
1481	1481	5000	493
1481	1481	5000	494
1483	1483	5000	494
1483	1483	5000	495
1485	1485	5000	495
1485	1485	5000	496
1486	1486	5000	496
1486	1486	5000	497
1488	1488	5000	497
1488	1488	5000	498
1490	1490	5000	498
1490	1490	5000	499
1491	1491	5000	499
1491	1491	5000	500
1492	1492	5000	500
1492	1492	5000	501
1494	1494	5000	501
1494	1494	5000	502
1495	1495	5000	502
1495	1495	5000	503
1497	1497	5000	503
1497	1497	5000	504
1500	1500	5000	504
1500	1500	5000	505
