1	33.5756233173726
2	33.6128278181852
3	33.6936849305612
4	33.6295427018682
5	33.7159191460254
6	37.5986011835656
7	37.5072325524478
8	37.4530935242769
9	37.5506843469366
10	37.6083910159461
11	37.626947768734
12	37.4252709461622
13	37.4698021324263
14	37.5681460191153
15	37.6034270688865
16	37.4404263597512
17	37.5288831432893
18	37.5401194861593
19	37.5703330425669
20	37.5923068233877
21	37.6323478653773
22	37.6029281639671
23	37.5935399657356
24	37.6611086357618
25	37.6726399287099
26	37.5936748897075
27	37.5814407369987
28	37.4586159938249
29	37.5325480548984
30	37.4904266735279
31	37.6013969337743
32	37.6239700280516
33	37.4980671356582
34	37.5451524640883
35	37.6084945622502
36	37.5104989676747
37	37.5813309151611
38	37.5502858505544
39	37.6130600129276
40	37.6374718385431
41	37.6084694601158
42	37.4624032783387
43	37.4806839076493
44	37.5674306082875
45	37.5549862252038
46	37.4897269515341
47	37.5355540354819
48	37.4096825207563
49	37.5613684428519
50	37.5375653439934
51	37.5759025786167
52	37.563028321483
53	37.5507282756716
54	37.3436042899548
55	37.5427646235621
56	37.5668940501666
57	37.6218928264376
58	37.5581930228618
59	37.5015406434932
60	37.4196449303102
61	37.4215432792173
62	37.4708344576998
63	37.2899359268022
64	37.4266954922842
65	37.5029714651488
66	37.4780764234479
67	37.5646379958456
68	37.4197170989463
69	37.4825351900545
70	37.4673515365644
71	37.5276907919096
72	37.5244526165837
73	37.4927548964851
74	37.5324570596615
75	37.5646034804109
76	37.5849111070669
77	37.5569598805138
78	37.5750491060502
79	37.5557957690353
80	37.5293632216079
81	37.5580235834552
82	37.4524879352867
83	37.5025164889645
84	37.4309785439507
85	37.4474173041563
86	37.5873177741937
87	37.5077408706675
88	37.3680537687717
89	37.5287137038827
90	37.516106156926
91	37.527195024757
92	37.5343805107029
93	37.5090932481534
94	37.4008183295785
95	37.5785539915531
96	37.3198451198313
97	37.3397354235044
98	37.3840375527929
99	37.3639119166107
100	37.3260924135075
101	37.3352076260284
102	37.4118381665401
103	37.4647973943985
104	37.3178714645213
105	37.4300842804159
106	37.2973441941901
107	37.464373795882
108	37.2122636477166
109	37.3630898217121
110	37.4923501245693
111	37.5290463071623
112	37.5379920802766
113	37.3202624428142
114	37.4094220861129
115	37.5221400824605
116	37.5482682665094
117	37.4636489717538
118	37.4536928377335
119	37.26097747711
120	37.3030110010104
121	37.2020345279857
122	37.3665445029464
123	37.4494913680036
124	37.2262580875939
125	37.3580568437831
126	37.358549473169
127	37.3221168629863
128	37.1715448481007
129	37.4302631331229
130	37.4356726430665
131	37.4288040715662
132	37.5096768727761
133	37.5393538710629
134	37.3666574625508
135	37.4006049614368
136	37.2472874006112
137	37.2695686825772
138	37.2096969544836
139	37.4276870265894
140	37.3266885891973
141	37.2784140471544
142	37.3770622972218
143	37.2955807692549
144	37.1942183509153
145	37.2900708507741
146	37.0195671136938
147	37.0318671595052
148	37.0049262938581
149	37.169699841229
150	37.3247494493219
151	37.2136630917044
152	37.3908527822578
153	37.0316381025297
154	37.2927630546787
155	37.3342223672568
156	36.9757638893247
157	37.0742929042542
158	36.9745589868779
159	37.0031063891207
160	36.9179034697425
161	37.0344966080741
162	37.1739546529944
163	37.2561076630541
164	36.9721115287827
165	37.0934364194316
166	37.1391066150399
167	37.284074578441
168	37.0122372904756
169	37.1932895719459
170	36.9058858229421
171	36.8856472271555
172	37.1829192527095
173	37.067126244909
174	36.9381201011616
175	36.9658861994741
176	37.0103577681692
177	36.7396971427496
178	36.8466793014076
179	36.8507678115332
180	36.7122322700488
181	36.7203716370984
182	36.8632184701504
183	36.9107179837966
184	37.2523392051409
185	36.8810284344426
186	36.8219976278483
187	36.8121670044996
188	36.8556156612216
189	37.2186897940997
190	37.0243365192125
191	37.016165774495
192	36.7076197528695
193	36.7148052388154
194	36.5778417184921
195	36.4026037188812
196	36.4456664302882
197	36.9929619890931
198	37.1235527050687
199	36.8760519363159
200	36.6324827893492
201	36.585858712637
202	36.9183019661247
203	36.4846688714708
204	36.2716176442902
205	36.5196298690296
206	36.2433055745565
207	36.3409528770184
208	36.2606731137315
209	36.4746531198815
210	36.8266258338615
211	36.4554562626687
212	36.2737105347382
213	36.1968509372509
214	36.0218765100503
215	36.0205963012005
216	35.840215501823
217	35.6681654732694
218	36.7684108466322
219	36.5389051704121
220	36.1877012092953
221	36.3279531092131
222	35.3321232012752
223	34.9099335420994
224	35.646972996379
225	36.1558685652248
226	35.9718824718072
227	35.6373337768044
228	33.9804548506737
229	36.38130455792
230	36.7278269709882
231	36.0656075657833
232	36.6706819622338
233	36.2035877225461
234	35.7679495949143
235	34.548362399513
236	35.4571067279995
237	35.5493790359525
238	36.546062416457
239	36.6976698943828
240	35.7288310563606
241	35.5432980439162
242	35.0968754118319
243	35.5613527540179
244	35.3991082466787
245	35.4589454593377
246	33.976516953354
247	31.1470357517148
248	35.3851263578686
249	35.3989607716396
250	35.6458214359676
251	34.895866933586
252	34.2195181645319
253	34.2295025384533
254	35.0904963319506
255	35.27838894502
256	35.5019548287093
257	34.4789173449473
258	33.4333883488444
259	35.0983564377561
260	34.76560882089
261	34.4588638774012
262	34.8518221011742
263	34.5548356123979
264	35.2388781856177
265	36.0225856453445
266	33.2451756835625
267	30.6281432578805
268	30.3611098908685
269	33.8957006319462
270	30.5200189521114
271	32.8264563944549
272	32.5353783205417
273	34.4708689731344
274	33.9376965026451
275	31.6256173556157
276	34.3373381696779
277	34.2442343535259
278	31.9575711174843
279	33.8085868125937
280	33.9810541641303
281	32.2115733390231
282	30.5031691444565
283	30.3133248404446
284	30.0934709348662
285	30.4492874131623
286	32.4741448016618
287	33.4455095419488
288	32.3127004248536
289	32.4149351423605
290	28.4773045328179
291	33.2514825948076
292	30.919914778254
293	30.878841410991
294	30.6103646712562
295	25.2984581014001
The recommend cut off position is: 295
