1	33.4356757808333
2	33.5850993730742
3	33.6934307714513
4	33.7539645683374
5	33.8262681284476
6	37.247023828201
7	37.4650515535083
8	37.5244243766826
9	36.9248598987129
10	37.4696044531186
11	37.2792737952544
12	37.3327319280322
13	36.9291492259129
14	37.2573596320027
15	37.0921970015501
16	35.1877388624968
17	37.2483197258847
18	37.0161846010957
19	37.0800350174774
20	37.1610772580939
21	37.4130116913191
22	36.7809995669882
23	36.6613784837056
24	36.7676703336701
25	36.9285028459545
26	37.3578591644755
27	37.0982968201871
28	37.3386999604641
29	37.3989670471732
30	37.0902798260422
31	37.1147355803927
32	37.370008597481
33	37.3118814677218
34	37.1819590960721
35	36.7346829914213
36	36.9825226389874
37	37.193361740582
38	37.1435245906783
39	37.0630816635184
40	37.2455867310118
41	36.9365794576684
42	36.921681340956
43	37.2004593690579
44	37.0582746047983
45	37.3140873177742
46	37.4645306842214
47	37.1621409610352
48	37.027580970072
49	36.7935067054076
50	37.0419739063314
51	37.1366654324784
52	37.2577298884838
53	37.304931314285
54	37.4301062447835
55	37.3314956479175
56	36.9248693120133
57	37.3017056900263
58	36.889632190977
59	37.2212627628664
60	37.1440799753999
61	37.158730208536
62	37.303164751583
63	37.2673565569913
64	37.1512654613459
65	36.7736509171692
66	36.7603750258866
67	36.8263936391192
68	36.8321294768088
69	36.9531092131108
70	37.0948986187551
71	36.6441207663682
72	36.7458691300228
73	37.0542017835066
74	37.0837187556872
75	36.9080257798919
76	37.0816352785396
77	36.8389070530722
78	36.4941825803739
79	36.7411436532391
80	36.9622150123314
81	37.1359531594174
82	36.9988139241539
83	36.9698931276632
84	36.8845960752813
85	36.3421232640305
86	36.5488769932664
87	36.8224714306334
88	36.6976573433156
89	36.753139335672
90	36.9177152037352
91	37.1962547615611
92	37.1299349227168
93	37.0256041769952
94	36.9883149564792
95	36.7344005924104
96	36.8933473068548
97	36.922290067713
98	36.7174754783525
99	37.0784316186484
100	36.8555968346209
101	36.8336983602031
102	36.8141092821417
103	36.5418044669248
104	36.5998217748464
105	36.8861555453752
106	36.9088227726562
107	36.9043796948836
108	36.5838568174259
109	36.8428229860244
110	36.8792461829067
111	36.8445142423235
112	37.0412114290017
113	36.998663311348
114	36.7079366673151
115	36.5392942534939
116	36.5125793070556
117	36.5128115017979
118	36.4019604766895
119	36.4288699646687
120	36.3605733327476
121	36.6321627371367
122	36.4863036479677
123	36.3430614563003
124	36.4006959566737
125	35.8014138777149
126	35.9056002861643
127	35.6371455107971
128	35.995042328474
129	36.1202706010079
130	36.188018123741
131	36.0620524760118
132	36.0627365091717
133	36.3060828746964
134	36.3524088635636
135	36.1241394674582
136	36.1480304237868
137	35.9745746757118
138	35.8872569015181
139	36.0109508060923
140	35.9010881775223
141	36.2911533803162
142	36.1185228649066
143	35.8801310331411
144	35.8694092840244
145	36.1200854727673
146	35.9916629536426
147	36.0918047807015
148	36.0898060232571
149	36.0268937991453
150	36.053781322757
151	35.8858135287953
152	35.7908239148034
153	36.0121180553377
154	35.7818844172226
155	35.9045020677883
156	35.9643957602495
157	36.1209891496024
158	35.9480636841147
159	35.7397191071171
160	35.9347564151642
161	35.9055030153939
162	35.7506573621422
163	35.865556106408
164	35.6388022516614
165	35.9937338797231
166	35.3759672166126
167	35.1674343736076
168	35.1292508895569
169	35.3703474762942
170	35.4437586680808
171	35.3601654230651
172	35.2699797300265
173	34.9860557643914
174	34.8690609919108
175	35.070213807429
176	34.9420297585802
177	35.6046131447326
178	35.56586486266
179	35.4936209201187
180	35.4431781812249
181	35.6759502726719
182	35.5371731231448
183	35.0992852167256
184	35.0051020087983
185	35.2886086514506
186	35.2036975443837
187	34.9589862503059
188	34.9651488242788
189	35.1160565802107
190	35.0640167180214
191	34.9855348951045
192	34.8345926237378
193	35.4590584189421
194	34.6015161689123
195	34.488791897031
196	34.3903978060735
197	34.4756666185542
198	34.3712668419632
199	33.8773101807981
200	33.468961210927
201	33.7715329245869
202	33.9972011120245
203	34.0883846149019
204	33.6552064964324
205	34.1409422086113
206	34.1622884360743
207	34.0219800563543
208	34.1061004461904
209	34.1588212037729
210	34.4885816666562
211	34.427752919692
212	34.5003922208486
213	34.1802709775399
214	33.9950486040076
215	32.3027693929676
216	32.010866086389
217	33.0091999322242
218	32.7976673841693
219	33.0104864166076
220	32.8316493984901
221	32.8000834645966
222	33.6141237158689
223	33.6883162115859
224	33.3867862364998
225	32.7661485167776
226	32.5504929431625
227	32.7168918537299
228	32.9119260240102
229	33.0879327764843
230	33.1421094578567
231	33.4015933579753
232	33.3512039611168
233	32.9919171127525
234	32.3958794846532
235	30.3824278784304
236	31.3400743023176
237	31.2465908163842
238	29.5616508418628
239	31.953121764178
240	30.9540317165467
241	30.8166006689719
242	31.8244011572084
243	31.7826312057183
244	31.47109803011
245	31.1632642815455
246	30.4471035274774
247	30.0464891527402
248	30.0870887172182
249	31.2401489811671
250	31.0396550966746
251	31.5326735655699
252	31.5945754287758
253	31.1959096072144
254	29.3347118588758
255	28.3363246710052
256	28.8683518566166
257	28.6679583806613
258	30.2740148981167
259	30.7330513526913
260	29.5551274247093
261	28.8922333996448
262	30.1159059674049
263	30.3321326145756
264	29.8089005892726
265	25.5818988509498
266	27.9145240949112
267	26.0779389892626
268	25.4565607565783
269	24.7043658887097
270	26.6752442751445
271	28.4899811106439
272	28.3147493865666
273	26.0601101983696
274	24.9383240560029
275	25.2684045710987
276	26.3196756804247
277	29.5693979880639
278	29.284313048717
279	27.9612328913266
280	27.3297667384169
281	25.243669555504
282	23.0140352308455
283	24.3241658246992
284	23.7580373896291
285	25.0448104475083
286	22.0278382669486
287	20.3464847598667
288	22.0887893868176
289	22.9525161751878
290	20.1381935249045
291	22.5193819854533
292	20.7393143352013
293	20.1934903890203
294	20.5563291893893
295	14.8637926814727
The recommend cut off position is: 281
